# for now just set everything to white
nv 0 255  0 0
0% 0 0 0 0
-30	255 	255	255  0
-25	 0 	 0	 0   255
-20	255 	255	255  255
-15	255	255 249  255
-10	255 255 223  255
-05	255 255	147  255
00	255 255	176  255
05	255  	 255	255  255
10	 255 	 255	255  255
15	255 	255	255  255
20	255 	255 255   255
25	255 	255 255  255
30	255  255 255  255
35	255 	255	 255  255
40	255 	255 255  255
45	255 	255 255  255
50	255 	 255 	 255  255
55	255 255	 255  255
60	255 255	 255  255
65	255  	 255	 255  255
70	 255  	 255	 255  255
75	255 	197	250  255
80	255 	255	255  255
100% 255 255 255 255
