nv 0 255  0 0
0% 0 0 0 0
# THIS IS THE RAIN
-30	255 	255	255  0
-25	 0 	 0	 0   255
-20	255 	255	255  255
-15	233	204	249  255
-10	207 	128	223  0
-05	131 	51	147  255
00	58 	 0	176  255
05	29 	 0	215  255
10	 0 	 0	255  255
15	3 	60	175  255
20	5 	119	95  255
25	8 	179	15  255
30	132 	217	8  255
35	255 	255	 0  255
40	255 	170	 0  255
45	255 	85	 0  255
50	255 	 0	 0  255
55	179 	 0	 0  255
60	102 	 0	 0  255
65	51 	 0	 0  255
70	 0 	 0	 0  255
75	250 	197	250  255
80	255 	255	255  255
85	255 	255	255  255
#
# THIS IS THE SNOW
#
170	18 10 58 0
175	 23 49 110 255
180	19 89 140 255
185	26 103 164 255
190	30 114 178 255
195	29 139 196 255
200	26 165 210 255
205	27 184 223 255
210	26 204 235 255 
215	26 216 241 255
220	38 223 241 255
225	49	229	235	255
230	104	242	233	255
235	160	255	229	255
240	195	209	80	255
245	225	224	102	255
250	223	196	91	255
255	210	178	81	255
260	189	150	46	255
265	163	127	46	255
270	153	118	43	255
275	142	109	38	255
280	134	103	36	255
100% 255 255 255 255
